980250370
929628936
1205800658
1627511237
1009135362
1986715754
834045423
1815351069
2116543074
1900543298
1986715754
1607064242
826096510
528277302
1552928609
1285030392
893584845
1748288418
980525987
647980967
1579825701
1643132110
1300359632
2818020112
4441497
1033648986
408556695
1328232156
765721689
543754588
769270895
1017066280
418686488
1026598872
1585693512
1361243148
1335825745
1016525709
1248047022
2724689048
841721197
543263242
1649737732
1003428639
2575787070
470513375
2263699940
757645014
363142360
1065290326
1826559200
1269846590
1634454713
736016985
1758711881
625730673
593663270
2870876412
936647142
643909788
1937192219
981926448
1553656466
1252657665
1301163370
994473352
948002490
528277302
745350122
1628264486
2872438173
2684710913
1301163370
2646403105
1126703230
719281639
396479310
354629855
591547024
1784991231
875426902
850058966
527911131
960595619
845103130
280463174
377270091
455134118
416175175
1318230332
353109435
1091045412
1432775609
1679180778
1263248076
1224795444
2445595576
2431084353
1042435559
563662549
710093676
2190178713
905670592
1109530420
617066306
1815351069
997042192
1315195045
1278284043
2360826397
956688072
1793099306
2674740650
2356697388
2360467373
498159249
2370809612
1158355361
1731276773
274860111
2191014070
1490565109
1497174912
1750050196
834045423
763356692
158939604
948002490
1774762771
781844642
2567174865
1900543298
1986715754
2277310172
1205800658
528277302
1017871434
1016525709
1328232156
1252657665
980525987
893584845
1878329363
2872438173
1579535908
834045423
917426490
1159833365
740967376
948002490
1627511237
3212588477
814760155
369762902
1300359632
1071397201
2598473186
2278572963
2747583266
2384196945
3320281516
2438655631
1069806739
1300359632
813011476
84573106
1542521729
598812097
297106123
462320260
342502449
598642102
690754870
547261674
1361883186
870562103
957392079
506714114
1328232156
1069511776
929628936
1172971752
799231911
1392440489
1069511776
756062661
1328232156
1150622668
510093005
839803588
1310784019
565519443
1132083898
2430051406
347077767
2906394005
1152167672
502578010
332962253
286141130
549147923
313789238
1261687195
756062661
1308773103
408556695
651865409
704313439
1716638913
389053892
408912518
2480075655
125353180
604386429
690754870
1780390480
741131046
825127662
1769762340
197525197
1208941799
1649737732
2575787070
1223133483
1574453321
1028879706
1016525709
907601737
1009350259
1803456590
312886402
836822191
1356875496
530814260
897031240
1393037751
2523157104
690754870
1245419284
850013351
2683958523
1971211365
1275295169
821974123
2457189803
304994008
1649737732
1462706020
1126325128
1513886318
1342836921
1017012578
841721197
1103729020
757797941
510093005
1016525709
363142360
614241875
962214755
2575787070
799510821
2429134991
690754870
1585693512
543754588
1317754151
735868009
554125621
1172819764
422506499
1150622668
821974123
1486143801
2683958523
297359168
304994008
1103870962
731970412
1239518762
1123674664
1017012578
574649802
841721197
1614735711
1473134
1146906275
1195135796
2918646656
942778460
1941364052
1473161615
935311018
1031281478
1094545438
309549021
799510821
1145882990
690754870
2672862546
2455787224
2532554185
1150622668
296112633
1416004905
1418000814
906723799
2263699940
1285053853
1294364569
76408184
1106127991
467969470
1739172169
1144511045
643040733
2247250860
1027069608
523236954
851184011
1092307597
878636691
1529255771
154561578
1136925338
871311987
1026598872
1394256780
1585693512
1500356335
863975836
363142360
1403231313
841721197
824543367
1016525709
284523354
942778460
1095680482
1969559001
935311018
1094545438
214684829
2423490999
965566769
799510821
1404835190
2558828492
2399187822
1761815233
1914449550
1027165104
825591392
554125621
1005362499
942892019
1042744173
1051551053
949502764
1091555851
1064942061
821974123
290725968
304994008
1585693512
1009350259
1017012578
185600490
949445570
841721197
1649737732
1193673933
937136652
378099549
757797941
861852928
1394256780
2918646656
403088244
690321440
879230125
2775075116
799510821
347047190
1974758239
312154505
623044236
1214357846
1142159938
812528055
644775214
719227467
653431076
569509
5700640
1047748607
908770511
767569456
1937095778
1013298780
924554457
863302209
759725711
763074
327374541
2565613313
522961251
1148298527
1413550134
281987036
1752037526
641888120
1254734473
2281139537
593703904
1224225754
1242641181
2768906803
839567383
550470262
1064853794
1344464256
1013750324
2523512008
1035433455
1310037001
1365304456
1294558720
765801836
37620835
1412549625
2428444916
1004209524
2350844990
1509498638
1842695757
305692498
765262683
1337088988
550175135
971800257
1608551792
2442068308
1040189295
1975568498
1047748607
382311803
2906394005
1065995027
771267937
2509442278
776046295
728967550
1270144299
1530981563
645063292
1759554357
1248611956
1659968736
754479582
1900018363
1253602761
342964911
962439197
7899774
4949216
3909052
5202151
3116073544
1292273232
1801817221
389401648
352580358
592693389
646101791
348594173
639368027
2364701366
2218439861
1016345893
564009460
2696692659
422361648
876661417
2018531482
1403924453
1501328471
582560844
916961665
1035378869
2303607987
649601725
543287545
747072283
342162179
1585103585
654604619
2423776469
332385312
3287086907
