1328232156
905670592
2318861184
756062661
1223133483
1150622668
1010692100
1047748607
578968538
2567174865
1244734894
158939604
1009253123
820003492
732952649
1603814167
2279416479
1731276773
896614105
243768898
2872438173
6441770
22070474
3328479507
414102135
97775512
2696989959
312950402
2558166918
408912518
1034200245
1183637137
839803588
806220794
462320260
2683958523
1780390480
2672862546
554125621
824634021
949502764
850013351
821974123
784070461
1146906275
935311018
531627844
1598464099
1359555262
463154335
1937095778
1018667117
937659374
67181913
930433
1126703230
2065434470
2672997887
57583373
564542488
2384416254
643688643
3086800580
981711283
389864252
1909796977
1510494300
1056257949
1023831945
2501615687
1609785241
1834133808
2122716695
987211051
948776257
1196819694
2834488193
9399880
553476640
328991790
1826106334
9307266
1240941014
1657915212
2889634251
1462370641
2247489405
1303675901
1345173758
492663579
2431084353
975536216
1823312687
872646656
1247791597
1913889891
1778332476
2766128939
747041368
1119447484
1062577350
810316766
903104560
951299091
1622757989
596873834
54443263
11113865
8327467
2916571137
2381631954
2629030814
1665176507
3145698655
1484489246
2637680003
1084064352
1041719245
794107759
1478404700
3063520661
1586763083
1394256780
1535825838
1295373402
1906317497
2234287577
3395063
1219862287
290048881
592469473
1622847084
1473161615
1921843823
2918646656
568789704
895783899
1104707112
1808207937
1690424834
1031281478
1051551053
85123526
597120302
1941364052
3110105373
1292449713
67780857
528739544
840062112
1870120579
1376231679
1053945684
2305682286
1647189783
13536895
57687732
1411369632
25558455
437669166
937136652
570091537
2470132009
253108253
2776977304
2658084366
1845389051
741574246
546322683
1123882368
1984678994
136502124
1084226837
602684913
469797169
965566769
958053574
312843486
97971116
1391142951
1019800042
1013634056
371121520
2499475516
1730527199
4482424
703557219
1197942052
767432155
2482389656
854264182
1050453551
1556406545
56266930
280372489
280372928
280372929
280372938
280372939
280372940
280372942
280372984
280373003
280373178
280373179
280373285
280373354
280373363
280373447
280373450
280373453
906723799
1106127991
2558828492
759725711
550470262
765801836
2217328878
2868951109
396662
1921147074
297359168
1017012578
1286190778
287943173
364456248
282890574
930464598
2247250860
79060087
767569456
271802601
1194146586
307445753
820769331
704313439
1914449550
1027165104
1065995027
651030464
1114192441
467193391
1637684411
1528407887
5653103
1662705109
291900695
1749501238
1003018956
1070908662
1605728830
997027179
2966058784
3327992532
714975921
742818181
1476115375
852117398
2143892581
1360218860
3254048330
3179279839
386149218
644860875
1452285655
3125671812
1908557279
1533125208
193789517
1292185934
1693982091
3093384329
755935271
1965147142
645278065
2263491947
806761710
541945096
1900018363
1075809494
2946728371
450427614
1017971530
1051156022
1418523814
1026503569
11165138
1092102569
1683082
1542348932
449002401
1255367283
996451604
1628314159
860833281
1460761966
2439216555
815096376
1318229225
1213146549
869604708
57993
312886402
962214755
1214357846
863302209
1425304428
499580781
623423028
754578767
1225430771
1606183141
1435424951
2455126349
2398132994
535277173
1539734462
22499190
1046857101
1473811208
1037630579
1974540572
1070131261
17795682
2486661765
2694021365
2277233023
2457643284
839934342
840997579
1614566110
2759389356
273063740
740161441
1019179376
839872835
807277623
1056999209
2421619962
441819877
1907186687
1690235948
1219269301
602412673
690275337
1358318166
524549936
553559347
1160974739
857183985
2233818313
734773943
1060874432
8665325
2998536819
280372608
280372609
280372612
280372624
280372639
280372645
280372691
280372703
280372706
280372708
280372899
280372978
280372989
2579385820
578229721
827977388
766144544
1365086921
604522272
1871311139
2782869135
2596417109
1364388594
1225040407
379040723
844727270
1156619029
1061226787
1021416076
1455996459
742304931
1769618181
1966198602
2627569709
2331412792
1577395352
945410607
1214948931
173102164
1920324726
544390437
1429870656
45039274
913507414
756436315
290460822
3049468388
82029181
824347107
1299984195
2306914334
282250327
77912466
1170677291
806996813
625209004
976427495
916725197
1012180440
759860759
415142094
965621588
863252388
709201103
2466533402
1012283241
932378411
3239525
1927780357
1416004905
850352062
1107890678
949695265
757147321
1229363036
365223
1968861848
1245203243
1940721262
229003661
753238696
1791843548
397733011
371141208
503184984
3010868435
842329104
278252252
673910651
389648240
1350246618
178486257
2778388679
416878049
851145048
95022629
3072831465
1793312192
526663741
499920744
948002490
1198438051
992106842
734850920
729737800
1019997307
1462060626
1521095123
295097847
1106804268
946417675
524766006
269695213
1805652892
1836811330
1246560981
1933127312
1098569894
6685121
2831920006
29989991
8987226
1449796869
1294695273
1663051112
5152148
1132895460
2911572794
973751360
1606411453
394850166
1802847184
2868663694
1476295401
247628902
1585467401
915678494
283971292
360695698
1275419010
2643928448
852718665
940726915
2914806875
1762148418
1101508625
760609826
1771276908
2524763939
925368386
642347532
2259677559
290725968
646006550
2581200107
583149485
1923406683
845481204
1985586280
779466198
1069410357
1044535420
2604407559
1003470041
873925974
1103865221
2641556878
5874360
732664166
164921688
189278169
36581013
798680825
869093768
1029293918
365685808
1114510768
1029240225
280152334
1948054297
596724576
1057761705
2111212869
505422473
2929146636
2826069897
1655072061
1040134473
1927855512
1824737305
337459483
1011347308
1774935541
1316537784
347695046
543980707
1337519470
479951035
1124799828
664656706
2022928748
872346921
1757531890
468378656
1179824211
2477460480
1445616608
1045836137
1315061603
3255160400
854439655
1737839394
40899021
58202468
1650850281
920771063
416816044
1239328954
1164086571
871311987
810031955
759819417
1042817575
851514790
895355157
1293248541
2910348060
1292719376
2640028583
1660659053
773871357
3326736049
2987316278
2306287090
2586912702
1426975730
935258379
1617499376
790400109
762028043
641985537
1142159938
2281139537
1035433455
1270144299
1530981563
3909052
5202151
2303607987
523957581
1203035989
1159036650
2044033741
1311584843
303133582
956550950
572496517
805492227
642409296
978282470
284854379
542593044
1132108708
3031982740
476640883
854413310
492456578
1642629735
347552965
3042078412
593965645
742787566
16215330
412488912
772723307
294359351
1054108720
1476100298
853303317
2397984558
576831775
2966873852
126130
511353271
546082087
81444125
1427666047
593667526
781511008
673656220
925940651
1962667645
572456233
2608702076
2457462522
296686944
2037810486
2521902501
249575662
1542491496
1164279784
1044245882
1172342257
245481795
457552102
529263895
744040701
375442418
790371367
634482655
772685827
670019747
280372463
280372467
280372472
280372476
280372521
280372529
280372584
280372631
280372635
280372640
280372648
280372660
280372666
280372674
280372676
280372707
280372724
280372727
280372731
280372759
280372764
280372765
280372768
280372769
280372877
280372906
280372931
280372934
280372994
280372999
280373048
280373057
280373059
280373080
280373088
280373094
280373108
280373124
280373125
280373150
280373182
280373184
280373186
280373194
280373201
280373207
280373210
280373240
280373271
280373274
280373275
280373282
280373290
280373320
280373332
280373343
280373401
280373415
280373417
280373431
280373439
280373449
280373458
280373462
280373464
280373469
280373476
280373497
280373502
280373504
280373516
280373519
280373530
280373537
280373540
280373541
280373566
280373567
280373568
280373576
280373580
280373583
280373589
623044236
2565613313
422361648
2018531482
543287545
3287086907
2386761210
987110011
761967646
3272411366
1985115386
1946175885
2899337607
2483003946
632792836
2450370240
740934064
279601539
1176295947
1724954990
2761713198
1252126439
1137607288
2271640780
907518499
863469997
291289874
9821674
676971012
1246457026
894719813
1305773364
602528017
1163773627
1685271059
2060183369
602482379
55568883
342751671
1548989938
1817632107
1109349385
540487152
782202865
1142017937
389401648
654604619
1878285776
527161942
2468896957
250444021
2954175834
805074659
1753007541
1277286009
1017613316
929699976
2983393531
360308410
2586117336
1139024254
2427206189
1006113948
1605616932
1463061808
834973090
675537472
273416346
1120225121
1205961976
1025450588
2454048111
1459457901
453464696
1404209194
6969584
2449303124
2775396117
445531538
2676928808
986668618
43298876
1320545732
97971115
48366661
1247753046
1032582403
1462101414
1129706313
995046794
778169942
1194207654
1391154942
909042284
1142022075
2545825135
396562075
1104094657
1183746728
2692161396
1003784238
1272934055
455413367
1398373963
853270319
1981372560
2113909929
461117175
76932354
5841150
420304738
550764740
97979020
1546128730
570715975
447095138
571669757
759860000
1647304290
397698964
1312163341
782199406
1900766931
1961440235
943613004
850369593
1306848784
850528639
981113878
364963846
766750761
735038532
694857576
503446796
1216916492
7632185
3270615083
759019876
865834946
1599057527
761179514
2939777090
821478055
2633469710
1301938287
1367818583
2776055561
2577209373
2261596434
1192853945
625516796
2098993287
9908053
837390
1805553495
1063472941
1229403883
1090750470
913501641
772756920
634291150
2864720539
1277165162
2733909715
1766953439
317901104
1638216059
1059196643
2673805858
358131478
1937785456
191645853
1579550087
1317492243
2439313686
582221546
260173834
314748299
466548579
371331886
3063684085
2694961378
741471613
1546168199
3128663205
1413467416
572253092
974028396
1486873795
2371186297
2300411505
945157622
1157921231
170544880
824668868
2411512422
602648464
693359993
745115048
408366026
20773852
1806917193
983229367
1638535794
919214835
1534085488
1414590074
2388780141
452056895
614404079
905450063
962442406
87494782
2945112265
318568749
1374808732
2177033804
949697057
1028679283
245536031
472999035
997420406
424056134
461555220
984612020
406592366
903260118
461716657
528668706
2535521869
1546452191
2441247631
291410032
516102287
1346643254
1132334785
791289487
1449354540
1731478901
542422426
97777155
493720488
517666721
577845589
849239869
372847271
619305226
1440032442
69869670
1476005031
1459500538
767438095
314520429
1617061848
1176027573
1003529174
1033484614
247139340
864127282
834494208
417804238
2387853182
632496981
799013299
1926535141
1044986362
1322859304
958944723
1900582006
463928946
2895921477
2044013917
1922263624
645464
2254594486
761323914
1262842898
1152642816
838916290
183973730
2590802882
1332613248
1808698403
1071109271
1933405040
1647013121
623352318
270458679
1395006288
1376719778
951279556
1109281254
2454722422
593922193
740223688
470432701
2847471072
2978407009
645452680
1449119109
1426152433
1437517171
2385243600
874858335
2411370969
765533651
1678115397
2798773247
857525424
1240764874
1308154743
1251281673
578923162
1227620098
1929723927
572813938
188750395
1010170228
630970681
1357634183
895302672
1041864815
1095163518
499820484
1272968802
1152778299
2310038034
838940530
1005161217
418735355
78355939
295090755
1031807496
1923832601
2296333275
6353976
594375167
2078254953
1010428764
2508925780
2399187822
754479582
1253602761
1040187932
1781165399
654333313
1346495636
1165630968
915480675
782595463
987719197
2663890016
2995154286
917465907
438800513
2017915038
310828531
303541470
2435050621
834055173
335601
1805350905
280372490
280372550
280372552
280372559
280372577
280372602
280372673
280372677
280372699
280372735
280372761
280372794
280372835
280372872
280372879
280372881
280372884
280372893
280372944
280373047
280373060
280373116
280373122
280373129
280373136
280373138
280373188
280373225
280373233
280373283
280373288
280373436
280373438
280373456
280373486
280373510
280373534
280373542
280373546
280373573
280373577
280373587
280373594
280373597
1975568498
1137593583
2497068839
2657202660
71525129
1771053277
584437831
1481457710
1515716287
1123516503
394773157
1603259324
1132242654
694413920
760382496
2225821556
1320278428
511233623
1030288217
569509
771267937
1586472950
2320099294
1345944687
827507747
870212807
1324656944
740540842
2462172658
627897837
2728713878
33251201
842818181
947924833
983514066
1950885383
1300216512
811988163
944165897
1402485743
173525430
980818054
974106545
292239
406243791
805602580
1551954357
2635058564
814456815
774295055
1024103952
522125101
471596275
2538879013
1285371129
2022059730
1014511219
530311715
2834639987
1583914229
644395697
594134659
435152111
545432320
1134619101
291248851
151428749
737660448
1021170242
799049860
763736934
596211764
525136026
1017277050
1733325393
879270425
726799892
1733890009
1416864205
1065243559
1326073772
105193131
1248200932
473568258
6887886
2741711508
2819127776
987547313
584493559
2309437474
776901877
903153638
274912465
2856248882
939262017
1638011765
1457716964
2072605762
690651776
2495686636
931487572
445898232
847983533
1121860473
2770260630
2727065794
867031253
1549571647
825308583
425459045
1368393743
526802505
870188980
1432095558
766767853
1140268575
1181843102
1059524100
925092944
12372851
